1,4,0/elevator/1x4
[-1,0,0]
1,0,0,0|00aaff,,,,|0|:bod76ex7vdbba
[0,0,0]
1,0,1,1|00aaff,,,,||:darcpmn4nbf3r
[1,0,0]
-1,0,1,0|00aaff,,,,||:cv75sh0fvrwbf
[2,0,0]
-1,0,-1,0|00aaff,,,,||:cv75sh0fvrwbf
[3,0,0]
1,0,-1,0|00aaff,,,,||:cv75sh0fvrwbf
[0,-2,0]
0,-1,0,-1|ffcc00,,,,||
[0,-1,0]
0,1,0,-1|00aaff,,,,||
[-3,-3,0]
-1,0,0,0|ffcc00,,,,||
[-2,-3,0]
-1,0,-1,0|ffcc00,,,,||
[-1,-3,0]
-1,0,-1,0|ffcc00,,,,||
[0,-3,0]
-1,-1,-1,0|ffcc00,,,,||
[1,-3,0]
0,0,-1,0|ffcc00,,,,||
[-4,-3,0]
0,0,0,0|ffcc00,,,,|6|
[4,0,0]
1,0,1,0|00aaff,,,,|2|:bsb3l8tkkai5p
[5,0,0]
1,-1,1,0|00aaff,,,,||:du4vf5ccmbbfs
[5,1,0]
0,-1,0,-1|00aaff,,,,||:du4vf5ccmbbfs
[5,2,0]
2,0,1,-1|00aaff,,,,||:du4vf5ccmbbfs
[6,0,0]
0,0,1,0|00aaff,,,,|0|:cpxgxdsns3rp4
[3,2,0]
-1,0,2,0|00aaff,,,,||:c4rx3tpvdcld8
[4,2,0]
1,0,-1,0|00aaff,,,,||:c4rx3tpvdcld8
[2,2,0]
2,0,0,0|00aaff,,,,|6|:n1okqdajtb77
[6,2,0]
4,-1,2,0|00aaff,,,,||:biish8p3u12nw
[6,3,0]
0,0,1,-1|0028b8,,,,||:biish8p3u12nw
[4,3,0]
-1,-1,0,0|0028b8,,,,||:bdp6m4c2ajy3g
[5,3,0]
1,0,-1,0|0028b8,,,,||:bdp6m4c2ajy3g
[4,4,0]
-1,0,0,-1|0028b8,,,,||:bdp6m4c2ajy3g
[5,4,0]
1,0,-1,0|0028b8,,,,||:bdp6m4c2ajy3g
[7,4,0]
0,-1,1,0|0028b8,,,,||:dwws48qk4otud
[7,5,0]
4,0,1,-1|0028b8,,,,||:dwws48qk4otud
[4,5,0]
-1,-1,0,0|0028b8,,,,|6|:cy4fgnn3efqyo
[4,6,0]
-1,0,2,-1|0028b8,,,,|6|:cy4fgnn3efqyo
[5,5,0]
2,-1,-1,0|0028b8,,,,|6|:cy4fgnn3efqyo
[5,6,0]
0,0,-1,-1|0028b8,,,,|6|:cy4fgnn3efqyo
[3,6,0]
2,-1,0,0|680080,,,,||
[3,7,0]
-1,0,1,-1|680080,,,,||
[4,7,0]
-1,0,-1,0|680080,,,,||
[5,7,0]
-1,0,-1,0|680080,,,,||
[6,7,0]
-1,0,-1,0|680080,,,,||
[7,7,0]
4,0,-1,0|680080,,,,||
[8,2,0]
0,-1,-1,0|680080,,,,||
[8,3,0]
0,-1,0,-1|680080,,,,||
[8,4,0]
0,-1,0,-1|680080,,,,||
[8,5,0]
0,-1,4,-1|680080,,,,||
[8,6,0]
0,-1,0,-1|680080,,,,||
[8,7,0]
0,-1,4,-1|680080,,,,||
[7,2,0]
-1,0,4,0|680080,,,,||
[8,8,0]
0,-1,0,-1|680080,,,,||
[8,9,0]
0,0,-1,-1|680080,,,,||
[7,9,0]
-1,0,2,0|680080,,,,||
[1,9,0]
-1,0,2,0|680080,,,,||
[2,9,0]
-1,0,-1,0|680080,,,,||
[3,9,0]
-1,0,-1,0|680080,,,,||
[4,9,0]
-1,0,-1,0|680080,,,,||
[5,9,0]
-1,0,-1,0|680080,,,,||
[6,9,0]
2,0,-1,0|680080,,,,||
[-1,8,0]
-1,-1,0,0|680080,,,,|6|
[-1,9,0]
-1,0,0,-1|680080,,,,|6|
[0,8,0]
3,-1,-1,0|680080,,,,|6|
[0,9,0]
2,0,-1,-1|680080,,,,|6|
[2,7,0]
1,0,0,0|680080,,,,|0|
[6,4,0]
1,0,1,0|0028b8,,,,|2|:dplh52balnyth
[1,8,0]
0,0,3,0|680080,,,,||
[2,3,0]
-1,0,4,0|00aaff,,,,||
[3,3,0]
0,0,-1,1|00aaff,,,,||
[1,3,0]
4,0,0,0|680080,,,,||
[6,5,0]
1,0,2,0|0028b8,,,,||:bj27edk4relb6
